гимнаст; Вербински;   18; 8; 9; 5;
пловец;  Бессон;      32; 4,25; 4,56; 4,65; 3,98;
гимнаст; Мендес;      50; 6; 8; 7;
гимнаст; Фавро;       44; 4; 9; 8;
гимнаст; Стромберг;   17; 8; 7; 10;
пловец;  Кэмерон;     23; 5,34; 4,97; 5,66; 5,01; 4,96;
пловец;  Гений;       27; 4,25; 3,99; 4,64; 5,02; 4,52;
гимнаст; Неизвестный; 51; 6; 8; 8;
пловец;  Полетайло;   36; 4,87; 4,96; 4,55; 4,88; 5,02; 6,01;
пловец;  Зюганов;     26; 3,78; 5,61; 5,51; 5,32; 5,07; 
пловец;  Кириенко;    42; 3,87; 3,96; 3,55; 3,88; 3,32; 3,91;